0.000000 Requested update to address for player 0 to 0.0.0.0:0

0.000146    IP address not updated (old or null).
0.000182 Tx 73 bytes  255.255.255.255:42424  UPID_GAME_INFO_LITE (5)
05 00 00 3a 00 01 00 1c 35 00 00 73 6e 67 20 00 00 00 00 00 00 00 00 00 00 00 00 50 79 72 6f 20 46 61 63 74 6f 72 79 00 00 00 00 00 00 00 00 00 00 00 00 00 00 50 79 72 6f 46 61 63 74 00 01 00 00 00 00 00 04 04 01 08 01 
0.026779 Rx 73 bytes  10.5.0.2:42424  UPID_GAME_INFO_LITE (5)
05 00 00 3a 00 01 00 1c 35 00 00 73 6e 67 20 00 00 00 00 00 00 00 00 00 00 00 00 50 79 72 6f 20 46 61 63 74 6f 72 79 00 00 00 00 00 00 00 00 00 00 00 00 00 00 50 79 72 6f 46 61 63 74 00 01 00 00 00 00 00 04 04 01 08 01 
tx MULTI_POWCAP_UPDATE (30) 24 00 00 00 09 01 01 00 00 00 00 03 00 02 02 02 02 02 02 06 00 02 00 00 00 00 00 00 00 00
tx MULTI_POSITION (25) 00 00 00 00 7f 00 7f 00 81 00 00 80 fd 20 fe 80 02 9b 01 00 00 00 00 00 00
tx MULTI_REAPPEAR (4) 01 00 00 00
19:55:37 Homing update rate: 25
1.612089 Tx 73 bytes  255.255.255.255:42424  UPID_GAME_INFO_LITE (5)
05 00 00 3a 00 01 00 1c 35 00 00 73 6e 67 20 00 00 00 00 00 00 00 00 00 00 00 00 50 79 72 6f 20 46 61 63 74 6f 72 79 00 00 00 00 00 00 00 00 00 00 00 00 00 00 50 79 72 6f 46 61 63 74 00 01 00 00 00 00 00 04 01 01 08 01 
1.616453 Rx 73 bytes  10.5.0.2:42424  UPID_GAME_INFO_LITE (5)
05 00 00 3a 00 01 00 1c 35 00 00 73 6e 67 20 00 00 00 00 00 00 00 00 00 00 00 00 50 79 72 6f 20 46 61 63 74 6f 72 79 00 00 00 00 00 00 00 00 00 00 00 00 00 00 50 79 72 6f 46 61 63 74 00 01 00 00 00 00 00 04 01 01 08 01 
tx MULTI_PLAY_SOUND (4) 07 00 99 10
19:55:38 Fusion Cannon!
tx MULTI_PLAY_SOUND (4) 07 00 53 10
tx MULTI_REMOVE_OBJECT (5) 04 08 00 ff 00
19:55:39 Laser boosted to 2
tx MULTI_PLAY_SOUND (4) 07 00 53 10
tx MULTI_REMOVE_OBJECT (5) 04 0f 00 ff 01
19:55:39 Laser boosted to 3
tx MULTI_PLAY_SOUND (4) 07 00 53 10
tx MULTI_REMOVE_OBJECT (5) 04 0e 00 ff 02
19:55:39 Laser boosted to 4
tx MULTI_PLAY_SOUND (4) 07 00 53 10
tx MULTI_REMOVE_OBJECT (5) 04 0d 00 ff 03
19:55:39 Quad Lasers!
19:55:39 Laser Cannon!
tx MULTI_PLAY_SOUND (4) 07 00 53 10
tx MULTI_REMOVE_OBJECT (5) 04 0b 00 ff 04
5.531421 Tx 73 bytes  255.255.255.255:42424  UPID_GAME_INFO_LITE (5)
05 00 00 3a 00 01 00 1c 35 00 00 73 6e 67 20 00 00 00 00 00 00 00 00 00 00 00 00 50 79 72 6f 20 46 61 63 74 6f 72 79 00 00 00 00 00 00 00 00 00 00 00 00 00 00 50 79 72 6f 46 61 63 74 00 01 00 00 00 00 00 04 01 01 08 01 
5.531968 Rx 73 bytes  10.5.0.2:42424  UPID_GAME_INFO_LITE (5)
05 00 00 3a 00 01 00 1c 35 00 00 73 6e 67 20 00 00 00 00 00 00 00 00 00 00 00 00 50 79 72 6f 20 46 61 63 74 6f 72 79 00 00 00 00 00 00 00 00 00 00 00 00 00 00 50 79 72 6f 46 61 63 74 00 01 00 00 00 00 00 04 01 01 08 01 
19:55:41 Vulcan Cannon!
tx MULTI_PLAY_SOUND (4) 07 00 53 10
tx MULTI_REMOVE_OBJECT (5) 04 07 00 ff 05
19:55:41 Spreadfire Cannon!
tx MULTI_PLAY_SOUND (4) 07 00 53 10
tx MULTI_REMOVE_OBJECT (5) 04 04 00 ff 06
19:55:42 demos/code_ANARCHY_PyroFact_2.dem does not exist!19:55:43 Demo saved as tmpdemo.dem
tx MULTI_POSITION (25) 00 00 e6 fa 7d 03 7f 05 82 04 e6 b9 02 0d 03 13 fb 71 01 01 00 4c 00 67 01
tx MULTI_POSITION (25) 00 00 e6 fa 7d 03 7f 05 82 04 e6 b9 02 0d 03 13 fb 71 01 01 00 4c 00 67 01
tx MULTI_PLAYER_DROP (57) 16 00 17 01 03 00 00 00 00 00 c4 00 0e 04 00 00 09 04 00 07 00 0f 00 0e 00 0d 00 0b 00 08 00 26 00 27 00 ff ff ff ff ff ff ff ff ff ff ff ff ff ff ff ff ff ff ff ff ff ff
tx MULTI_QUIT (2) 06 00
7.334064 Tx 73 bytes  255.255.255.255:42424  UPID_GAME_INFO_LITE (5)
05 00 00 3a 00 01 00 1c 35 00 00 73 6e 67 20 00 00 00 00 00 00 00 00 00 00 00 00 50 79 72 6f 20 46 61 63 74 6f 72 79 00 00 00 00 00 00 00 00 00 00 00 00 00 00 50 79 72 6f 46 61 63 74 00 01 00 00 00 00 00 04 01 00 08 01 
7.334517 Rx 73 bytes  10.5.0.2:42424  UPID_GAME_INFO_LITE (5)
05 00 00 3a 00 01 00 1c 35 00 00 73 6e 67 20 00 00 00 00 00 00 00 00 00 00 00 00 50 79 72 6f 20 46 61 63 74 6f 72 79 00 00 00 00 00 00 00 00 00 00 00 00 00 00 50 79 72 6f 46 61 63 74 00 01 00 00 00 00 00 04 01 00 08 01 
